0011110010000111110010110110110101000110
0110110011000010010010101110110111111001
1101010001000010110100101100111100100101
0010011001010000100011110100110100110111
0011000011100101000011101111101100000001
0011111100011011101100101010100101111110
0111011100010111000110000110111011011111
1010111111011100001111110100110101000001
0111011110111001010011011110001100001101
0111101111100000001010111110011100100101
0111101101110100011010110001011111011100
0001101101011110001000101111001110010110
0000110011000100111011011110110000111000
1110110000110101111001101110010101001111
1110000010010000010101111011001010000101
0100010000111110011010001101111000001101
1100011101111001000111011111100100110010
1110000101010110011111000100110111100010
1111110010011100011101010010010111110111
1110111100000001111011000110110001001101